5
7
8
9
10
11
13
14
15
20
21
22
23
24
25
28
29
33
34
35
36
37
42
44
46
47
48
53
54
55
56
63
64
66
67
68
69
70
79
80
81
83
86
89
90
91
92
93
94
95
96
97
98
99
105
106
113
119
120
121
122
123
125
126
127
128
129
131
132
135
139
140
141
142
143
144
145
146
148
150
151
153
158
161
162
163
166
168
169
170
171
173
176
180
182
183
185
187
188
190
191
192
193
196
197
198
199
200
202
203
204
205
207
208
209
212
213
214
215
217
218
219
220
221
222
223
224
225
226
227
231
232
234
235
237
238
239
240
241
242
244
245
246
247
248
249
252
253
254
255
256
258
261
262
264
265
267
269
270
272
273
274
275
277
280
281
285
288
289
290
291
292
294
296
297
299
300
301
302
306
307
308
309
310
311
313
315
318
319
320
322
323
325
326
327
329
331
332
333
334
339
340
341
342
343
346
347
350
353
354
358
363
365
367
368
369
370
371
372
373
374
375
378
379
380
381
385
386
387
389
390
391
392
393
395
396
397
398
399
401
402
403
404
406
409
410
411
412
414
415
420
423
424
425
426
427
429
430
431
432
433
435
436
438
439
440
441
442
444
445
446
447
449
450
451
452
453
455
456
457
458
460
461
463
465
466
468
470
471
472
477
478
480
484
487
490
491
492
493
496
497
499
500
504
505
507
509
510
511
513
514
515
516
517
518
521
523
524
526
527
528
529
531
533
534
535
536
537
540
544
547
548
549
550
551
552
554
555
556
557
560
563
564
566
567
568
570
571
573
575
577
582
587
591
592
593
595
596
597
598
600
601
602
603
604
606
607
608
609
610
611
613
614
615
616
618
619
620
621
622
624
625
626
627
628
629
630
631
632
633
635
636
637
639
640
642
643
644
649
651
652
653
654
656
657
659
660
662
663
666
667
669
670
673
675
678
679
681
682
683
684
686
687
688
689
691
694
695
696
698
700
701
704
707
714
715
718
719
721
722
723
726
731
732
733
734
735
737
738
739
740
744
746
747
749
751
752
753
754
755
758
759
760
761
762
764
765
766
767
769
770
771
772
773
775
776
779
780
781
782
784
786
787
788
789
790
792
794
795
796
797
798
799
801
804
807
808
810
813
816
818
819
820
821
822
825
827
831
832
836
837
838
839
840
841
843
844
845
846
847
852
853
854
855
860
862
863
866
870
872
873
875
877
879
881
882
884
886
888
889
890
891
894
895
897
898
899
900
901
904
905
906
907
908
910
912
914
915
917
918
920
921
922
923
924
925
928
929
932
936
937
938
941
942
944
947
948
949
951
952
954
955
957
958
959
960
961
962
963
965
967
968
969
970
974
975
976
982
985
986
988
992
993
994
996
997
998
999
1000
1001
1003
1004
1005
1006
1008
1011
1012
1014
1015
1017
1018
1019
1020
1021
1022
1023
1025
1026
1027
1028
1030
1031
1032
1033
1034
1036
1037
1038
1039
1042
1043
1044
1046
1049
1050
1052
1053
1057
1058
1061
1064
1065
1067
1068
1069
1072
1076
1077
1078
1079
1080
1081
1082
1083
1085
1087
1088
1091
1092
1093
1094
1095
1097
1098
1105
1106
1107
1108
1109
1114
1117
1118
1122
1126
1127
1129
1131
1135
1136
1137
1138
1139
1140
1141
1144
1145
1146
1148
1149
1150
1151
1152
1153
1157
1158
1160
1163
1164
1166
1167
1170
1171
1172
1173
1174
1175
1177
1179
1180
1181
1182
1184
1187
1189
1190
1192
1193
1194
1195
1196
1197
1198
1199
1200
1201
1202
1203
1204
1205
1207
1208
1211
1212
1213
1214
1215
1216
1219
1220
1224
1226
1227
1229
1231
1232
1234
1235
1236
1238
1241
1243
1244
1246
1247
1249
1250
1253
1254
1255
1257
1259
1260
1262
1264
1267
1268
1269
1270
1273
1276
1278
1279
1282
1288
1289
1291
1292
1294
1297
1298
1302
1303
1304
1305
1306
1307
1308
1313
1314
1316
1319
1322
1323
1324
1326
1327
1328
1330
1332
1333
1336
1338
1342
1343
1344
1347
1350
1352
1354
1356
1357
1360
1361
1363
1364
1367
1368
1369
1371
1372
1373
1375
1379
1380
1381
1383
1384
1386
1387
1388
1389
1390
1391
1393
1394
1395
1396
1397
1399
1401
1402
1403
1406
1407
1408
1409
1410
1411
1412
1414
1416
1418
1419
1421
1422
1423
1424
1428
1430
1432
1433
1434
1435
1438
1440
1442
1443
1445
1446
1447
1449
1452
1453
1456
1457
1458
1459
1460
1462
1463
1464
1467
1468
1469
1470
1471
1472
1474
1476
1478
1480
1481
1482
1484
1485
1487
1488
1490
1493
1494
1496
1497
1498
1499
1501
1502
1507
1508
1511
1512
1513
1516
1517
1518
1520
1521
1522
1524
1526
1527
1528
1530
1533
1534
1535
1537
1538
1539
1540
1541
1543
1544
1545
1546
1552
1557
1559
1561
1568
1570
1571
1572
1573
1574
1575
1577
1578
1579
1581
1582
1584
1585
1587
1588
1590
1592
1594
1597
1598
1599
1600
1603
1604
1605
1607
1610
1611
1613
1614
1615
1617
1618
1619
1620
1622
1623
1624
1625
1626
1627
1628
1630
1634
1635
1636
1639
1640
1641
1642
